[DATA INTEGRITY COMPROMISED]
[ANOMALOUS ORBITAL SHIFT DETECTED - OBJECT: BAYOTTA]
[GRAVITATIONAL DISTURBANCE IDENTIFIED]
[DISPLACEMENT RATE: ██.██████ km/s]

[SIMULATIONS INDICATE: EVENT HORIZON FORMATION RISK ████ %]
[ESTIMATED TIME TO COLLAPSE: ████ CYCLES]
[CAUSES UNKNOWN - EXTERNAL INTERFERENCE?]

[OBSERVATION REQUESTED - SENTINEL OPERATIONS]
[ERROR_███_CODING]

[AWAITING RESPONSE PROTOCOL...]
[CRITICAL DATA FAILURE DETECTED]
[ACCESS RESTRICTED]

[DISCONNECTION IMMINENT...]
[SIGNAL LOST]
[END OF TRANSMISSION]

01001111 00100000 01001001 01110010 01101001 01100100 01101001 01110101 01101101 00101100 00100000 01110101 01101101 00100000 01101101 01100001 01110100 01100101 01110010 01101001 01100001 01101100 00100000 01100100 01100101 00100000 01101111 01110010 01101001 01100111 01100101 01101101 00100000 01100101 01111000 01110100 01110010 01100001 00101101 01110011 01101111 01101100 01100001 01110010 00101100 00100000 01100101 01110010 01100001 00100000 01100011 01101111 01101110 01101000 01100101 01100011 01101001 01100100 01101111 00100000 01110000 01101111 01110010 00100000 01110011 01110101 01100001 00100000 01100011 01101111 01101101 01110000 01101111 01110011 01101001 11100111 11100011 01101111 00100000 01100001 01101110 11110100 01101101 01100001 01101100 01100001 00100000 01100101 00100000 01110000 01110010 01101111 01110000 01110010 01101001 01100101 01100100 01100001 01100100 01100101 01110011 00100000 01100101 01101110 01100101 01110010 01100111 11101001 01110100 01101001 01100011 01100001 01110011 00100000 01101001 01101110 01100011 01101111 01101101 01110000 01100001 01110010 11100001 01110110 01100101 01101001 01110011 00101110 00100000 01000001 01101110 01110100 01100101 01110011 00100000 01100001 01100010 01110101 01101110 01100100 01100001 01101110 01110100 01100101 00100000 01101110 01100001 01110011 00100000 01100011 01100001 01101101 01100001 01100100 01100001 01110011 00100000 01101101 01100001 01101001 01110011 00100000 01110000 01110010 01101111 01100110 01110101 01101110 01100100 01100001 01110011 00100000 01100100 01100001 00100000 01100011 01110010 01101111 01110011 01110100 01100001 00100000 01110100 01100101 01110010 01110010 01100101 01110011 01110100 01110010 01100101 00101100 00100000 01110011 01110101 01100001 00100000 01110000 01110010 01100101 01110011 01100101 01101110 11100111 01100001 00100000 01100110 01101111 01101001 00100000 01100111 01110010 01100001 01100100 01100001 01110100 01101001 01110110 01100001 01101101 01100101 01101110 01110100 01100101 00100000 01100100 01101001 01101101 01101001 01101110 01110101 01101001 01101110 01100100 01101111 00100000 01100001 01101111 00100000 01101100 01101111 01101110 01100111 01101111 00100000 01100100 01101111 01110011 00100000 01110011 11101001 01100011 01110101 01101100 01101111 01110011 00101100 00100000 01100001 01110100 11101001 00100000 01100100 01100101 01110011 01100001 01110000 01100001 01110010 01100101 01100011 01100101 01110010 00100000 01110000 01101111 01110010 00100000 01100011 01101111 01101101 01110000 01101100 01100101 01110100 01101111 00101110 00100000 01000001 01110000 01100101 01101110 01100001 01110011 00100000 01100110 01110010 01100001 01100111 01101101 01100101 01101110 01110100 01101111 01110011 00100000 01100101 01110011 01110000 01100001 01110010 01110011 01101111 01110011 00100000 01100100 01101111 00100000 01101101 01101001 01101110 01100101 01110010 01100001 01101100 00100000 01100001 01101001 01101110 01100100 01100001 00100000 01110000 01101111 01100100 01101001 01100001 01101101 00100000 01110011 01100101 01110010 00100000 01100101 01101110 01100011 01101111 01101110 01110100 01110010 01100001 01100100 01101111 01110011 00100000 01100101 01101101 00100000 01110101 01101101 00100000 01101100 01101111 01100011 01100001 01101100 00100000 01110010 01100101 01101101 01101111 01110100 01101111 00100000 01100101 00100000 01101001 01101110 11110011 01110011 01110000 01101001 01110100 01101111 00111010 00100000 01101111 00100000 01110000 01101100 01100001 01101110 01100101 01110100 01100001 00100000 01000010 01100001 01111001 01101111 01110100 01110100 01100001 00101100 00100000 01110101 01101101 00100000 01100011 01101111 01110010 01110000 01101111 00100000 01100011 01100101 01101100 01100101 01110011 01110100 01100101 00100000 01110000 01100101 01110010 01100100 01101001 01100100 01101111 00100000 01101110 01101111 01110011 00100000 01100011 01101111 01101110 01100110 01101001 01101110 01110011 00100000 01100100 01100001 00100000 01010110 01101001 01100001 00100000 01001100 11100001 01100011 01110100 01100101 01100001 00101100 00100000 01100011 01110101 01101010 01100001 00100000 11110011 01110010 01100010 01101001 01110100 01100001 00100000 01110000 01100101 01100011 01110101 01101100 01101001 01100001 01110010 00100000 01101111 00100000 01110100 01101111 01110010 01101110 01100001 01110110 01100001 00100000 01110101 01101101 00100000 01110000 01101111 01101110 01110100 01101111 00100000 01100100 01100101 00100000 01100011 01101111 01101110 01110110 01100101 01110010 01100111 11101010 01101110 01100011 01101001 01100001 00100000 01110000 01100001 01110010 01100001 00100000 01110000 01100001 01110010 01110100 11101101 01100011 01110101 01101100 01100001 01110011 00100000 01100101 01110011 01110000 01100001 01100011 01101001 01100001 01101001 01110011 00100000 01110010 01100001 01110010 01100001 01110011 00101110 00100000 01000100 01101001 01100110 01100101 01110010 01100101 01101110 01110100 01100101 00100000 01100100 01100101 00100000 01101111 01110101 01110100 01110010 01101111 01110011 00100000 01101101 01101001 01101110 01100101 01110010 01100001 01101001 01110011 00100000 01100110 01101111 01110010 01101101 01100001 01100100 01101111 01110011 00100000 01110000 01101111 01110010 00100000 01110000 01110010 01101111 01100011 01100101 01110011 01110011 01101111 01110011 00100000 01100111 01100101 01101111 01101100 11110011 01100111 01101001 01100011 01101111 01110011 00100000 01101110 01100001 01110100 01110101 01110010 01100001 01101001 01110011 00101100 00100000 01101111 00100000 01001001 01110010 01101001 01100100 01101001 01110101 01101101 00100000 01101110 11100011 01101111 00100000 01110011 01110101 01110010 01100111 01101001 01110101 00100000 01100100 01101111 00100000 01110011 01101111 01101100 01101111 10000000010100 01100101 01101100 01100101 00100000 01100101 01110010 01100001 00101100 00100000 01101110 01100001 00100000 01110110 01100101 01110010 01100100 01100001 01100100 01100101 00101100 00100000 01110101 01101101 00100000 01110011 01110101 01100010 01110000 01110010 01101111 01100100 01110101 01110100 01101111 00100000 01100011 11110011 01110011 01101101 01101001 01100011 01101111 00101100 00100000 01100110 01110010 01100001 01100111 01101101 01100101 01101110 01110100 01100001 01100100 01101111 00100000 01100001 00100000 01110000 01100001 01110010 01110100 01101001 01110010 00100000 01100100 01100001 00100000 11110011 01110010 01100010 01101001 01110100 01100001 00100000 01101001 01101110 01110011 01110100 11100001 01110110 01100101 01101100 00100000 01100100 01101111 00100000 01000011 01101111 01101101 01100101 01110100 01100001 00100000 01001000 01100001 01101100 01101100 01100101 01111001 00101110 00100000 01000001 00100000 01100011 01100001 01100100 01100001 00100000 00110111 00110110 00100000 01100001 01101110 01101111 01110011 00101100 00100000 01110001 01110101 01100001 01101110 01100100 01101111 00100000 01101111 00100000 01100011 01101111 01101101 01100101 01110100 01100001 00100000 01110000 01100001 01110011 01110011 01100001 01110110 01100001 00100000 01110000 01100101 01110010 01110100 01101111 00100000 01100100 01100001 00100000 01010100 01100101 01110010 01110010 01100001 00101100 00100000 01100101 01101100 01100101 00100000 01100100 01100101 01101001 01111000 01100001 01110110 01100001 00100000 01110101 01101101 00100000 01110010 01100001 01110011 01110100 01110010 01101111 00100000 01100100 01100101 00100000 01110000 01100001 01110010 01110100 11101101 01100011 01110101 01101100 01100001 01110011 00100000 01100011 01100001 01110010 01110010 01100101 01100111 01100001 01100100 01100001 01110011 00100000 01110000 01100101 01101100 01101111 00100000 01100101 01110011 01110000 01100001 11100111 01101111 00101110 00100000 01000010 01100001 01111001 01101111 01110100 01110100 01100001 00101100 00100000 01100011 01101111 01101101 00100000 01110011 01110101 01100001 00100000 01110000 01101111 01110011 01101001 11100111 11100011 01101111 00100000 01101111 01110010 01100010 01101001 01110100 01100001 01101100 00100000 01110000 01100101 01100011 01110101 01101100 01101001 01100001 01110010 00101100 00100000 01100011 01100001 01110000 01110100 01100001 01110110 01100001 00100000 01100111 01110010 01100001 01101110 01100100 01100101 01110011 00100000 01110000 01101111 01110010 11100111 11110101 01100101 01110011 00100000 01100100 01100101 01110011 01110011 01100101 00100000 01101101 01100001 01110100 01100101 01110010 01101001 01100001 01101100 00101100 00100000 01110100 01101111 01110010 01101110 01100001 01101110 01100100 01101111 00101101 01110011 01100101 00101100 00100000 01100011 01101111 01101101 00100000 01101111 00100000 01110100 01100101 01101101 01110000 01101111 00101100 00100000 01110101 01101101 00100000 01110110 01100101 01110010 01100100 01100001 01100100 01100101 01101001 01110010 01101111 00100000 01110010 01100101 01110000 01101111 01110011 01101001 01110100 11110011 01110010 01101001 01101111 00100000 01100100 01101111 00100000 01001001 01110010 01101001 01100100 01101001 01110101 01101101 00101110 00100000 01001101 01100001 01110011 00100000 01100001 00100000 01100001 01100010 01110011 01101111 01110010 11100111 11100011 01101111 00100000 01100011 01101111 01101110 01110100 11101101 01101110 01110101 01100001 00100000 01100100 01100101 01110011 01110011 01100101 00100000 01101101 01100001 01110100 01100101 01110010 01101001 01100001 01101100 00100000 01100001 01101100 01110100 01100101 01110010 01101111 01110101 00100000 01110010 01100001 01100100 01101001 01100011 01100001 01101100 01101101 01100101 01101110 01110100 01100101 00100000 01100001 00100000 01100111 01100101 01101111 01101100 01101111 01100111 01101001 01100001 00100000 01100100 01101111 00100000 01110000 01101100 01100001 01101110 01100101 01110100 01100001 00101110 00100000 01001111 00100000 01110011 01101111 01101100 01101111 00100000 01101111 01110101 01110100 01110010 01101111 01110010 01100001 00100000 01101001 01101110 01110011 01110100 11100001 01110110 01100101 01101100 00100000 01110100 01101111 01110010 01101110 01101111 01110101 00101101 01110011 01100101 00100000 01100100 01100101 01101110 01110011 01100001 01101101 01100101 01101110 01110100 01100101 00100000 01100011 01110010 01101001 01110011 01110100 01100001 01101100 01101001 01111010 01100001 01100100 01101111 00101100 00100000 01110010 01100101 01110011 01110101 01101100 01110100 01100001 01101110 01100100 01101111 00100000 01100101 01101101 00100000 01110101 01101101 01100001 00100000 01110011 01110101 01110000 01100101 01110010 01100110 11101101 01100011 01101001 01100101 00100000 01110001 01110101 01100001 01110011 01100101 00100000 01101001 01101101 01110000 01100101 01101110 01100101 01110100 01110010 11100001 01110110 01100101 01101100 00101110 00100000 01001111 00100000 01100001 01100011 11111010 01101101 01110101 01101100 01101111 00100000 01100100 01100101 00100000 01001001 01110010 01101001 01100100 01101001 01110101 01101101 00100000 01100001 01101111 00100000 01101100 01101111 01101110 01100111 01101111 00100000 01100100 01101111 01110011 00100000 01101101 01101001 01101100 11101010 01101110 01101001 01101111 01110011 00100000 01110100 01110010 01100001 01101110 01110011 01100110 01101111 01110010 01101101 01101111 01110101 00100000 01000010 01100001 01111001 01101111 01110100 01110100 01100001 00100000 01100101 01101101 00100000 01110101 01101101 00100000 01110000 01101100 01100001 01101110 01100101 01110100 01100001 00101101 01110000 01100101 01110100 01110010 01101001 01100110 01101001 01100011 01100001 01100100 01101111 00101100 00100000 01110101 01101101 01100001 00100000 01100101 01110011 01100110 01100101 01110010 01100001 00100000 01100100 01100101 01101110 01110011 01100001 00101100 00100000 01100001 01101100 01110100 01100001 01101101 01100101 01101110 01110100 01100101 00100000 01110010 01100101 01100110 01101100 01100101 01111000 01101001 01110110 01100001 00100000 01100101 00100000 01100100 01101111 01110100 01100001 01100100 01100001 00100000 01100100 01100101 00100000 01110000 01110010 01101111 01110000 01110010 01101001 01100101 01100100 01100001 01100100 01100101 01110011 00100000 01100110 11101101 01110011 01101001 01100011 01101111 00101101 01110001 01110101 11101101 01101101 01101001 01100011 01100001 01110011 00100000 01101110 01110101 01101110 01100011 01100001 00100000 01100001 01101110 01110100 01100101 01110011 00100000 01110110 01101001 01110011 01110100 01100001 01110011 00101110 00100000 01000001 00100000 01101001 01101101 01110000 01101100 01101001 01100011 01100001 11100111 11100011 01101111 00100000 01101101 01100001 01101001 01110011 00100000 01110000 01100101 01110010 01110100 01110101 01110010 01100010 01100001 01100100 01101111 01110010 01100001 00101100 00100000 01101110 01101111 00100000 01100101 01101110 01110100 01100001 01101110 01110100 01101111 00101100 00100000 01101110 11100011 01101111 00100000 01100101 01110011 01110100 01100001 01110110 01100001 00100000 01100001 01110000 01100101 01101110 01100001 01110011 00100000 01101110 01100001 00100000 01110010 01100101 01110011 01101001 01110011 01110100 11101010 01101110 01100011 01101001 01100001 00100000 01100100 01101111 00100000 01110000 01101100 01100001 01101110 01100101 01110100 01100001 00101100 00100000 01101101 01100001 01110011 00100000 01101110 01100001 00100000 01110000 01101111 01110100 01100101 01101110 01100011 01101001 01100001 01101100 00100000 01101001 01101110 01110011 01110100 01100001 01100010 01101001 01101100 01101001 01100100 01100001 01100100 01100101 00100000 01100111 01110010 01100001 01110110 01101001 01110100 01100001 01100011 01101001 01101111 01101110 01100001 01101100 00100000 01100111 01100101 01110010 01100001 01100100 01100001 00100000 01110000 01100101 01101100 01100001 00100000 01100011 01101111 01101101 01110000 01110010 01100101 01110011 01110011 11100011 01101111 00100000 01100101 01111000 01100011 01100101 01110011 01110011 01101001 01110110 01100001 00100000 01100100 01100101 00100000 01101101 01100001 01110100 11101001 01110010 01101001 01100001 00101110 00100000 01010011 01101001 01101101 01110101 01101100 01100001 11100111 11110101 01100101 01110011 00100000 01100011 01101111 01101101 01110000 01110101 01110100 01100001 01100011 01101001 01101111 01101110 01100001 01101001 01110011 00100000 01110010 01100101 01100001 01101100 01101001 01111010 01100001 01100100 01100001 01110011 00100000 01110000 01101111 01110010 00100000 01000110 01101001 01101111 01101110 01101110 00100000 01101001 01101110 01100100 01101001 01100011 01100001 01110110 01100001 01101101 00100000 01110001 01110101 01100101 00101100 00100000 01100011 01100001 01110011 01101111 00100000 01000010 01100001 01111001 01101111 01110100 01110100 01100001 00100000 01100101 01101110 01110100 01110010 01100001 01110011 01110011 01100101 00100000 01100101 01101101 00100000 01110000 01100101 01110010 01101001 11101001 01101100 01101001 01101111 00100000 01100011 01101111 01101101 00100000 01110101 01101101 01100001 00100000 01100101 01110011 01110100 01110010 01100101 01101100 01100001 00100000 01101101 01100001 01110011 01110011 01101001 01110110 01100001 00101100 00100000 01100001 00100000 01100110 01110101 01110011 11100011 01101111 00100000 01100100 01101111 01110011 00100000 01100100 01100101 01110000 11110011 01110011 01101001 01110100 01101111 01110011 00100000 01100100 01100101 00100000 01001001 01110010 01101001 01100100 01101001 01110101 01101101 00100000 01110000 01101111 01100100 01100101 01110010 01101001 01100001 00100000 01100100 01100101 01110011 01100101 01101110 01100011 01100001 01100100 01100101 01100001 01110010 00100000 01110101 01101101 01100001 00100000 01110010 01110101 01110000 01110100 01110101 01110010 01100001 00100000 01100111 01110010 01100001 01110110 01101001 01110100 01100001 01100011 01101001 01101111 01101110 01100001 01101100 00100000 01110011 01100101 01101101 00100000 01110000 01110010 01100101 01100011 01100101 01100100 01100101 01101110 01110100 01100101 01110011 00101100 00100000 01100111 01100101 01110010 01100001 01101110 01100100 01101111 00100000 01110101 01101101 00100000 01101000 01101111 01110010 01101001 01111010 01101111 01101110 01110100 01100101 00100000 01100100 01100101 00100000 01100101 01110110 01100101 01101110 01110100 01101111 01110011 00100000 01100001 01110010 01110100 01101001 01100110 01101001 01100011 01101001 01100001 01101100 00101110 00100000 01000101 01101101 00100000 01101111 01110101 01110100 01110010 01100001 01110011 00100000 01110000 01100001 01101100 01100001 01110110 01110010 01100001 01110011 00101100 00100000 01000010 01100001 01111001 01101111 01110100 01110100 01100001 00100000 01110000 01101111 01100100 01100101 01110010 01101001 01100001 00100000 01110011 01100101 00100000 01110100 01101111 01110010 01101110 01100001 01110010 00100000 01110101 01101101 00100000 01100010 01110101 01110010 01100001 01100011 01101111 00100000 01101110 01100101 01100111 01110010 01101111 00100000 01101001 01101110 01110011 01110100 11100001 01110110 01100101 01101100 00101100 00100000 01110101 01101101 00100000 01100110 01100101 01101110 11110100 01101101 01100101 01101110 01101111 00100000 01110001 01110101 01100101 00100000 01101010 01100001 01101101 01100001 01101001 01110011 00100000 01100100 01100101 01110110 01100101 01110010 01101001 01100001 00100000 01101111 01100011 01101111 01110010 01110010 01100101 01110010 00100000 01100100 01100101 00100000 01100110 01101111 01110010 01101101 01100001 00100000 01101110 01100001 01110100 01110101 01110010 01100001 01101100 00101110 00100000 01000101 00101100 00100000 01100001 01101001 01101110 01100100 01100001 00100000 01100001 01110011 01110011 01101001 01101101 00101100 00100000 01100001 01110011 00100000 11111010 01101100 01110100 01101001 01101101 01100001 01110011 00100000 01110000 01110010 01100101 01110110 01101001 01110011 11110101 01100101 01110011 00100000 01101001 01101110 01100100 01101001 01100011 01100001 01110110 01100001 01101101 00100000 01110001 01110101 01100101 00100000 01100001 01101100 01100111 01101111 00100000 01100101 01110011 01110100 01100001 01110110 01100001 00100000 01100001 01101100 01110100 01100101 01110010 01100001 01101110 01100100 01101111 00100000 01100001 00100000 11110011 01110010 01100010 01101001 01110100 01100001 00100000 01100100 01101111 00100000 01110000 01101100 01100001 01101110 01100101 01110100 01100001 00101110 00100000 01000101 00101100 00100000 01100001 01101001 01101110 01100100 01100001 00100000 01100001 01110011 01110011 01101001 01101101 00101100 00100000 01100001 01110011 00100000 11111010 01101100 01110100 01101001 01101101 01100001 01110011 00100000 01110000 01110010 01100101 01110110 01101001 01110011 11110101 01100101 01110011 00100000 01101001 01101110 01100100 01101001 01100011 01100001 01110110 01100001 01101101 00100000 01110001 01110101 01100101 00100000 01100001 01101100 01100111 01101111 00100000 01100101 01110011 01110100 01100001 01110110 01100001 00100000 01100001 01101100 01110100 01100101 01110010 01100001 01101110 01100100 01101111 00100000 01100001 00100000 11110011 01110010 01100010 01101001 01110100 01100001 00100000 01100100 01101111 00100000 01110000 01101100 01100001 01101110 01100101 01110100 01100001 00101110 00100000 01000001 01101100 01100111 01101111 00100000 01101101 01110101 01100100 01100001 01110110 01100001 00100000 01100001 00100000 11110011 01110010 01100010 01101001 01110100 01100001 00100000 01100100 01101111 00100000 01110000 01101100 01100001 01101110 01100101 01110100 01100001 00101100 00100000 01101101 01100001 01110011 00100000 01101110 11100011 01101111 00100000 01100101 01110010 01100001 00100000 01101110 01100001 01100100 01100001 00100000 01100100 01100101 01101110 01110100 01110010 01101111 00100000 01100100 01100101 00100000 01000010 01100001 01111001 01101111 01110100 01110100 01100001 00101110 00100000 01000001 01101100 01100111 01110101 01101101 01100001 00100000 01100110 01101111 01110010 11100111 01100001 00100000 01101001 01101110 01110110 01101001 01110011 11101101 01110110 01100101 01101100 00101100 00100000 01100101 01101110 01110010 01100001 01101001 01111010 01100001 01100100 01100001 00100000 01101110 01100001 01110011 00100000 01110000 01110010 01101111 01100110 01110101 01101110 01100100 01100101 01111010 01100001 01110011 00100000 01100100 01101111 00100000 01110000 01110010 11110011 01110000 01110010 01101001 01101111 00100000 01100011 01101111 01110011 01101101 01101111 01110011 00101100 00100000 01110011 01100101 00100000 01101101 01101111 01100100 01101001 01100110 01101001 01100011 01100001 01110110 01100001 00100000 01101100 01100101 01101110 01110100 01100001 01101101 01100101 01101110 01110100 01100101 00101100 00100000 01100100 01100101 01110011 01101100 01101111 01100011 01100001 01101110 01100100 01101111 00100000 01101111 00100000 01100101 01110001 01110101 01101001 01101100 11101101 01100010 01110010 01101001 01101111 00100000 01100111 01110010 01100001 01110110 01101001 01110100 01100001 01100011 01101001 01101111 01101110 01100001 01101100 00100000 01100100 01100001 00100000 01110010 01100101 01100111 01101001 11100011 01101111 00101110 00100000 01000010 01100001 01111001 01101111 01110100 01110100 01100001 00101100 00100000 01110000 01101111 01110010 00100000 01110000 01101111 01110011 01110011 01110101 01101001 01110010 00100000 01110101 01101101 01100001 00100000 01100100 01100101 01101110 01110011 01101001 01100100 01100001 01100100 01100101 00100000 01101101 01100001 01110100 01100101 01110010 01101001 01100001 01101100 00100000 01101001 01101101 01100101 01101110 01110011 01100001 01101101 01100101 01101110 01110100 01100101 00100000 01110011 01110101 01110000 01100101 01110010 01101001 01101111 01110010 00100000 11100000 00100000 01100100 01100101 00100000 01110001 01110101 01100001 01101100 01110001 01110101 01100101 01110010 00100000 01101111 01110101 01110100 01110010 01101111 00100000 01110000 01101100 01100001 01101110 01100101 01110100 01100001 00100000 01100100 01100101 01110110 01101001 01100100 01101111 00100000 01100001 01101111 00100000 01001001 01110010 01101001 01100100 01101001 01110101 01101101 00101100 00100000 01110010 01100101 01100001 01100111 01101001 01100001 00100000 01100100 01100101 00100000 01100110 01101111 01110010 01101101 01100001 00100000 01110011 01110101 01110100 01101001 01101100 00101100 00100000 01101101 01100001 01110011 00100000 01101001 01101110 01100101 01100111 11100001 01110110 01100101 01101100 00101110 00100000 01000001 00100000 01100101 01110011 01110100 01110010 01100001 01101110 01101000 01100001 00100000 01101101 01100001 01100111 01101110 01100101 01110100 01101001 01111010 01100001 11100111 11100011 01101111 00100000 01110001 01110101 01100101 00100000 01110000 01100101 01110010 01101101 01100101 01100001 01110110 01100001 00100000 01101111 00100000 01100101 01110011 01110000 01100001 11100111 01101111 00100000 01100001 01101111 00100000 01110011 01100101 01110101 00100000 01110010 01100101 01100100 01101111 01110010 00100000 01101111 00100000 01100001 01110100 01110010 01100001 11101101 01100001 00100000 01101101 01101001 01101100 11101101 01101101 01100101 01110100 01110010 01101111 00100000 01110000 01101111 01110010 00100000 01101101 01101001 01101100 11101101 01101101 01100101 01110100 01110010 01101111 00100000 01100101 01101101 00100000 01100100 01101001 01110010 01100101 11100111 11100011 01101111 00100000 01100001 01101111 00100000 01010011 01101111 01101100 00101100 00100000 01100011 01101111 01101101 01101111 00100000 01110011 01100101 00100000 01100110 01101111 01110010 11100111 01100001 01110011 00100000 01110001 01110101 01100101 00100000 01100001 01101110 01110100 01100101 01110011 00100000 01110010 01100101 01110000 01101111 01110101 01110011 01100001 01110110 01100001 01101101 00100000 01100101 01101101 00100000 01100101 01110001 01110101 01101001 01101100 11101101 01100010 01110010 01101001 01101111 00100000 01110100 01101001 01110110 01100101 01110011 01110011 01100101 01101101 00100000 01100011 01101111 01101101 01100101 11100111 01100001 01100100 01101111 00100000 01100001 00100000 01100100 01100101 01110011 01110000 01100101 01110010 01110100 01100001 01110010 00101110 00100000 01001111 00100000 01100110 01100101 01101110 11110100 01101101 01100101 01101110 01101111 00100000 01100101 01110010 01100001 00100000 01110001 01110101 01100001 01110011 01100101 00100000 01101001 01101101 01110000 01100101 01110010 01100011 01100101 01110000 01110100 11101101 01110110 01100101 01101100 00101100 00100000 01101101 01100001 01110011 00100000 01101111 01110011 00100000 01100011 11100001 01101100 01100011 01110101 01101100 01101111 01110011 00100000 01101110 11100011 01101111 00100000 01101101 01100101 01101110 01110100 01101001 01100001 01101101 00101110 00100000 01001111 00100000 01110100 01100101 01101101 01110000 01101111 00100000 01101010 01101111 01100111 01100001 01110110 01100001 00100000 01100011 01101111 01101110 01110100 01110010 01100001 00101100 00100000 01100101 00100000 01100001 00100000 01110000 01100101 01110010 01100111 01110101 01101110 01110100 01100001 00100000 01101001 01101110 01100101 01110110 01101001 01110100 11100001 01110110 01100101 01101100 00100000 01110000 01100101 01110010 01101101 01100001 01101110 01100101 01100011 01101001 01100001 00111010 00100000 01101111 00100000 01110001 01110101 01100101 10000000010100 01101111 01110101 00100000 01110001 01110101 01100101 01101101 10000000010100 01100101 01110011 01110100 01100001 01110110 01100001 00100000 01101101 01101111 01110110 01100101 01101110 01100100 01101111 00100000 01000010 01100001 01111001 01101111 01110100 01110100 01100001 00111111